//增加一个NPC 模板
INSERT INTO `creature_template` VALUES
    (80000, 0, 0, 0, 0, 0, 25144, 0, 0, 0, '湖畔镇法师', '法师装备销售商', '', 0, 79, 80, 2, 1925, 0, 1, 1.14286, 1, 1, 20, 1, 0, 0, 1, 0, 2000, 1, 1, 1, 0, 2048, 8, 0, 0, 0, 0, 0, 8, 64, 0, 0, 0, 0, 0, 0, 0, '', 0, 1, 0.238095, 1, 1, 1, 0, 721, 0, 0, 0, 0, '', 12340),
    (80001, 0, 0, 0, 0, 0, 25144, 0, 0, 0, '湖畔镇战士', '战士装备销售商', '', 0, 79, 80, 2, 1925, 0, 1, 1.14286, 1, 1, 20, 1, 0, 0, 1, 0, 2000, 1, 1, 1, 0, 2048, 8, 0, 0, 0, 0, 0, 8, 64, 0, 0, 0, 0, 0, 0, 0, '', 0, 1, 0.238095, 1, 1, 1, 0, 721, 0, 0, 0, 0, '', 12340),
    (80002, 0, 0, 0, 0, 0, 25144, 0, 0, 0, '湖畔镇盗贼', '盗贼装备销售商', '', 0, 79, 80, 2, 1925, 0, 1, 1.14286, 1, 1, 20, 1, 0, 0, 1, 0, 2000, 1, 1, 1, 0, 2048, 8, 0, 0, 0, 0, 0, 8, 64, 0, 0, 0, 0, 0, 0, 0, '', 0, 1, 0.238095, 1, 1, 1, 0, 721, 0, 0, 0, 0, '', 12340),
    (80003, 0, 0, 0, 0, 0, 25144, 0, 0, 0, '湖畔镇萨满', '萨满装备销售商', '', 0, 79, 80, 2, 1925, 0, 1, 1.14286, 1, 1, 20, 1, 0, 0, 1, 0, 2000, 1, 1, 1, 0, 2048, 8, 0, 0, 0, 0, 0, 8, 64, 0, 0, 0, 0, 0, 0, 0, '', 0, 1, 0.238095, 1, 1, 1, 0, 721, 0, 0, 0, 0, '', 12340),
    (80004, 0, 0, 0, 0, 0, 25144, 0, 0, 0, '湖畔镇术士', '术士装备销售商', '', 0, 79, 80, 2, 1925, 0, 1, 1.14286, 1, 1, 20, 1, 0, 0, 1, 0, 2000, 1, 1, 1, 0, 2048, 8, 0, 0, 0, 0, 0, 8, 64, 0, 0, 0, 0, 0, 0, 0, '', 0, 1, 0.238095, 1, 1, 1, 0, 721, 0, 0, 0, 0, '', 12340),
    (80005, 0, 0, 0, 0, 0, 25144, 0, 0, 0, '湖畔镇牧师', '牧师装备销售商', '', 0, 79, 80, 2, 1925, 0, 1, 1.14286, 1, 1, 20, 1, 0, 0, 1, 0, 2000, 1, 1, 1, 0, 2048, 8, 0, 0, 0, 0, 0, 8, 64, 0, 0, 0, 0, 0, 0, 0, '', 0, 1, 0.238095, 1, 1, 1, 0, 721, 0, 0, 0, 0, '', 12340),
    (80006, 0, 0, 0, 0, 0, 25144, 0, 0, 0, '湖畔镇德鲁伊', '德鲁伊装备销售商', '', 0, 79, 80, 2, 1925, 0, 1, 1.14286, 1, 1, 20, 1, 0, 0, 1, 0, 2000, 1, 1, 1, 0, 2048, 8, 0, 0, 0, 0, 0, 8, 64, 0, 0, 0, 0, 0, 0, 0, '', 0, 1, 0.238095, 1, 1, 1, 0, 721, 0, 0, 0, 0, '', 12340),
    (80007, 0, 0, 0, 0, 0, 25144, 0, 0, 0, '湖畔镇圣骑士', '圣骑士装备销售商', '', 0, 79, 80, 2, 1925, 0, 1, 1.14286, 1, 1, 20, 1, 0, 0, 1, 0, 2000, 1, 1, 1, 0, 2048, 8, 0, 0, 0, 0, 0, 8, 64, 0, 0, 0, 0, 0, 0, 0, '', 0, 1, 0.238095, 1, 1, 1, 0, 721, 0, 0, 0, 0, '', 12340),
    (80008, 0, 0, 0, 0, 0, 25144, 0, 0, 0, '湖畔镇DK', 'DK装备销售商', '', 0, 79, 80, 2, 1925, 0, 1, 1.14286, 1, 1, 20, 1, 0, 0, 1, 0, 2000, 1, 1, 1, 0, 2048, 8, 0, 0, 0, 0, 0, 8, 64, 0, 0, 0, 0, 0, 0, 0, '', 0, 1, 0.238095, 1, 1, 1, 0, 721, 0, 0, 0, 0, '', 12340),
    (80009, 0, 0, 0, 0, 0, 25144, 0, 0, 0, '湖畔镇猎人', '猎人装备销售商', '', 0, 79, 80, 2, 1925, 0, 1, 1.14286, 1, 1, 20, 1, 0, 0, 1, 0, 2000, 1, 1, 1, 0, 2048, 8, 0, 0, 0, 0, 0, 8, 64, 0, 0, 0, 0, 0, 0, 0, '', 0, 1, 0.238095, 1, 1, 1, 0, 721, 0, 0, 0, 0, '', 12340);

INSERT INTO `creature` VALUES
    (2054690, 80000, 0, 0, 571, 0, 0, 1, 1, 1, 5706.29, 636.472, 646.263, 0.948202, 300, 0, 0, 8508, 7981, 0, 0, 0, 0, '', NULL),
    (2054691, 80001, 0, 0, 571, 0, 0, 1, 1, 1, 5706.29, 636.472, 646.263, 0.948202, 300, 0, 0, 8508, 7981, 0, 0, 0, 0, '', NULL),
    (2054692, 80002, 0, 0, 571, 0, 0, 1, 1, 1, 5706.29, 636.472, 646.263, 0.948202, 300, 0, 0, 8508, 7981, 0, 0, 0, 0, '', NULL),
    (2054693, 80003, 0, 0, 571, 0, 0, 1, 1, 1, 5706.29, 636.472, 646.263, 0.948202, 300, 0, 0, 8508, 7981, 0, 0, 0, 0, '', NULL),
    (2054694, 80004, 0, 0, 571, 0, 0, 1, 1, 1, 5706.29, 636.472, 646.263, 0.948202, 300, 0, 0, 8508, 7981, 0, 0, 0, 0, '', NULL),
    (2054695, 80005, 0, 0, 571, 0, 0, 1, 1, 1, 5706.29, 636.472, 646.263, 0.948202, 300, 0, 0, 8508, 7981, 0, 0, 0, 0, '', NULL),
    (2054696, 80006, 0, 0, 571, 0, 0, 1, 1, 1, 5706.29, 636.472, 646.263, 0.948202, 300, 0, 0, 8508, 7981, 0, 0, 0, 0, '', NULL),
    (2054697, 80007, 0, 0, 571, 0, 0, 1, 1, 1, 5706.29, 636.472, 646.263, 0.948202, 300, 0, 0, 8508, 7981, 0, 0, 0, 0, '', NULL),
    (2054698, 80008, 0, 0, 571, 0, 0, 1, 1, 1, 5706.29, 636.472, 646.263, 0.948202, 300, 0, 0, 8508, 7981, 0, 0, 0, 0, '', NULL),
    (2054699, 80009, 0, 0, 571, 0, 0, 1, 1, 1, 5706.29, 636.472, 646.263, 0.948202, 300, 0, 0, 8508, 7981, 0, 0, 0, 0, '', NULL);

//增加NPC可以卖的商品
INSERT INTO `npc_vendor` (`entry`, `item`, `maxcount`, `incrtime`, `condition_id`, `comments`)
VALUES
    (85878, 159, 0, 0, 0, NULL),
    (85878, 2512, 0, 0, 0, NULL),
    (85878, 2516, 0, 0, 0, NULL),
    (85878, 4540, 0, 0, 0, NULL);